3.996714153
3.460785190
4.147688538
5.023029856
3.765846625
2.765863043
4.579212816
3.767434729
2.530525614
3.542560044
2.536582309
5.534270247
4.241962272
3.086719755
3.275082167
4.437712468
3.987168879
3.314247333
3.091975924
5.587696298
5.465648768
2.774223699
4.067528204
3.575251812
2.455617275
2.938092544
3.782321236
4.780155793
3.285648581
2.993611315
2.311167125
4.091975925
4.587696298
2.465648768
3.774223699
3.067528204
2.575251812
3.455617275
3.938092544
4.782321236
3.780155793
2.285648581
3.993611315
4.311167125
2.996584123
3.556769311
4.738466580
4.171368281
3.884351718
2.698896301
3.521478010
2.280155790
4.539361230
3.171368281
3.884351718
2.698896301
4.521478010
3.280155790
3.539361230